agosto,2023,234,234,0
agosto,2023,234,234,0
agosto,2023,234,234,0
agosto,2023,234,234,0
agosto,2023,234,234,0
agosto,2023,234,234,0
agosto,2023,234,234,0
agosto,2023,234,234,0
agosto,2023,234,234,0
agosto,2023,234,234,0
agosto,2023,234,234,0
agosto,2023,234,234,0
agosto,2023,234,234,0
agosto,2023,234,234,0
agosto,2023,234,234,0
agosto,2023,234,234,0
agosto,2023,234,234,0
agosto,2023,234,234,0
agosto,2023,234,234,0
agosto,2023,234,234,0
agosto,2023,234,234,0
agosto,2023,234,234,0
agosto,2023,234,234,0
agosto,2023,234,234,0
agosto,2023,234,234,0
agosto,2023,234,234,0
agosto,2023,234,234,0
agosto,2023,234,234,0
